27.mart 22,44.811985,20.472883,44.811279,20.474112,44.811632,20.473498
27.mart 28,44.811287,20.473295,44.810329,20.474466,44.810808,20.473881
Admirala Geprata 15,44.808464,20.459887,44.808010,20.460617,44.808237,20.460252
Admirala Geprata 7,44.808834,20.459490,44.808475,20.460011,44.808655,20.459751
Alekse Nenadovića 23,44.803131,20.469416,44.802761,20.470211,44.802946,20.469814
Alekse Nenadovića 25,44.803391,20.469578,44.803101,20.470581,44.803246,20.470080
Balkanska 1,44.813400,20.459942,44.813133,20.460297,44.813267,20.460120
Balkanska 18,44.811420,20.460104,44.811146,20.460602,44.811283,20.460353
Balkanska 38,44.808876,20.458376,44.808517,20.458858,44.808697,20.458617
Beogradska 34,44.805016,20.468700,44.804752,20.469221,44.804884,20.468961
Beogradska 53,44.806580,20.470642,44.806168,20.471104,44.806374,20.470873
Birčaninova 40,44.801720,20.464035,44.801311,20.464464,44.801516,20.464250
Braće Baruh 2,44.825119,20.457386,44.824753,20.457983,44.824936,20.457685
Braće Jugović 2,44.819023,20.459257,44.818752,20.459778,44.818888,20.459518
Braće Jugovića 10,44.817993,20.460754,44.817585,20.461199,44.817789,20.460977
Braće Nedića 2,44.806129,20.472971,44.805782,20.473663,44.805956,20.473317
Braničevska 19,44.794235,20.469017,44.793785,20.470053,44.794010,20.469535
Brankova 30,44.815086,20.453421,44.814865,20.453947,44.814976,20.453684
Bulevar Despota Stefana 20,44.816681,20.463593,44.816032,20.464666,44.816357,20.464130
Bulevar Despota Stefana 64,44.817467,20.474272,44.816532,20.476377,44.817000,20.475325
Bulevar Despota Stefana 71,44.817478,20.472147,44.816612,20.473564,44.817045,20.472856
Bulevar Despota Stefana pp17,44.816750,20.465181,44.816269,20.465954,44.816510,20.465568
Bulevar Kralja Aleksandra 109,44.802067,20.484104,44.801567,20.485306,44.801817,20.484705
Bulevar Kralja Aleksandra 121,44.801598,20.485607,44.801201,20.486057,44.801400,20.485832
Bulevar Kralja Aleksandra 125,44.801247,20.486246,44.800957,20.486649,44.801102,20.486448
Bulevar Kralja Aleksandra 174,44.801266,20.485348,44.801228,20.485407,44.801247,20.485378
Bulevar Kralja Aleksandra 176,44.801376,20.485273,44.800720,20.486111,44.801048,20.485692
Bulevar Kralja Aleksandra 203,44.796879,20.496294,44.796391,20.496948,44.796635,20.496621
Bulevar Kralja Aleksandra 207,44.796894,20.496981,44.796429,20.497667,44.796662,20.497324
Bulevar Kralja Aleksandra 244,44.798492,20.492035,44.798241,20.492357,44.798367,20.492196
Bulevar Kralja Aleksandra 252,44.798092,20.493563,44.797871,20.493906,44.797982,20.493735
Bulevar Kralja Aleksandra 272,44.797775,20.493586,44.797729,20.493624,44.797752,20.493605
Bulevar Kralja Aleksandra 296,44.796093,20.497408,44.795650,20.498106,44.795872,20.497757
Bulevar Kralja Aleksandra 38,44.809010,20.468597,44.808983,20.468645,44.808997,20.468621
Bulevar Kralja Aleksandra 67,44.806915,20.472391,44.806335,20.473219,44.806625,20.472805
Bulevar Kralja Aleksandra 69,44.806744,20.472845,44.806278,20.473896,44.806511,20.473371
Bulevar Kralja Aleksandra 71,44.806114,20.474266,44.805763,20.474787,44.805939,20.474527
Bulevar Kralja Aleksandra 73,44.805676,20.475353,44.805126,20.476126,44.805401,20.475740
Bulevar Kralja Aleksandra 75a,44.803841,20.479362,44.803387,20.480564,44.803614,20.479963
Bulevar Kralja Aleksandra 77,44.803432,20.480801,44.802738,20.481464,44.803085,20.481133
Bulevar Kralja Aleksandra 77a,44.803448,20.480801,44.802944,20.481443,44.803196,20.481122
Bulevar Kralja Aleksandra 83,44.803234,20.481476,44.802685,20.482098,44.802960,20.481787
Bulevar Mihajla Pupina 16,44.832844,20.410931,44.832005,20.412052,44.832425,20.411492
Bulevar Oslobođenja 15,44.801140,20.465923,44.800713,20.466160,44.800927,20.466042
Bulevar Oslobođenja 31,44.799610,20.465752,44.799232,20.466364,44.799421,20.466058
Bulevar Oslobođenja 9,44.801445,20.466253,44.801186,20.466703,44.801316,20.466478
Cara Dušana 1,44.825718,20.456047,44.825287,20.457024,44.825503,20.456536
Cara Dušana 11,44.824944,20.457325,44.824455,20.458311,44.824700,20.457818
Cara Dušana 14,44.824730,20.457615,44.824215,20.458237,44.824473,20.457926
Cara Dušana 18,44.824783,20.457315,44.824001,20.458076,44.824392,20.457696
Cara Dušana 20,44.824566,20.457808,44.823849,20.458805,44.824208,20.458307
Cara Dušana 24a,44.823566,20.459782,44.822891,20.460587,44.823229,20.460185
Cara Dušana 36,44.823574,20.459524,44.822960,20.460791,44.823267,20.460158
Cara Dušana 4,44.825706,20.456081,44.824745,20.457207,44.825226,20.456644
Cara Dušana 50,44.822845,20.461060,44.822128,20.462099,44.822487,20.461580
Cara Dušana 71,44.819687,20.465958,44.818977,20.467136,44.819332,20.466547
Cara Dušana 82,44.821247,20.464073,44.820354,20.465532,44.820801,20.464803
Cara Dušana 92,44.819874,20.465605,44.819004,20.466990,44.819439,20.466298
Cara Dušana 96,44.819477,20.465445,44.818695,20.466925,44.819086,20.466185
Cara Lazara 7,44.818520,20.454132,44.818161,20.454723,44.818341,20.454428
Cara Uroša 14,44.821835,20.455879,44.821320,20.456833,44.821578,20.456356
Cara Uroša 17,44.822617,20.456598,44.821850,20.457306,44.822234,20.456952
Cara Uroša 2,44.820873,20.454699,44.820461,20.455467,44.820667,20.455083
Cara Uroša 20,44.822155,20.455791,44.821404,20.457020,44.821780,20.456406
Cara Uroša 23,44.822716,20.457024,44.822475,20.457430,44.822596,20.457227
Carigradska 10,44.818165,20.471464,44.817448,20.473166,44.817807,20.472315
Cerska 107,44.794113,20.486525,44.793575,20.487080,44.793844,20.486803
Cerska 90,44.794395,20.485226,44.793831,20.485867,44.794113,20.485547
Cetinjska 1,44.815735,20.465384,44.815239,20.465931,44.815487,20.465658
Cetinjska 10,44.816452,20.466030,44.816254,20.466288,44.816353,20.466159
Cetinjska 13,44.817299,20.465796,44.816872,20.466740,44.817086,20.466268
Cetinjska 6,44.816174,20.465910,44.815792,20.466221,44.815983,20.466066
Cvijićeva 112,44.809788,20.480213,44.808998,20.481758,44.809393,20.480986
Cvijićeva 18,44.818512,20.476105,44.817711,20.477167,44.818112,20.476636
Cvijićeva 72,44.813389,20.477144,44.812523,20.478827,44.812956,20.477986
Černiševskog 5,44.796764,20.475483,44.796341,20.476166,44.796553,20.475825
Čubrina 2,44.818310,20.452137,44.817719,20.453209,44.818015,20.452673
Čubrina 5,44.817432,20.453632,44.816971,20.454458,44.817202,20.454045
Čučuk Stanina 1,44.801579,20.483644,44.801220,20.484148,44.801400,20.483896
Dalmatinska 100,44.806633,20.482182,44.806393,20.482519,44.806513,20.482351
Dalmatinska 104,44.806103,20.482862,44.805878,20.483324,44.805991,20.483093
Dalmatinska 15,44.814503,20.472527,44.814281,20.472965,44.814392,20.472746
Dalmatinska 31,44.813362,20.475250,44.813129,20.475534,44.813246,20.475392
Dalmatinska 65,44.810364,20.478552,44.810070,20.479067,44.810217,20.478810
Dalmatinska 77,44.809616,20.479311,44.809345,20.479660,44.809481,20.479486
Dečanska 14,44.813656,20.462950,44.813358,20.463646,44.813507,20.463298
Dečanska 2,44.815556,20.462139,44.815002,20.462950,44.815279,20.462545
Dečanska 7,44.813461,20.462971,44.813015,20.463808,44.813238,20.463390
Deligradska 26,44.800755,20.463552,44.800381,20.464363,44.800568,20.463958
Deligradska 27,44.800182,20.462582,44.799805,20.463520,44.799994,20.463051
Deligradska 31,44.798630,20.461014,44.798286,20.461685,44.798458,20.461350
Desanke Maksimović 7,44.807144,20.469730,44.806835,20.470230,44.806990,20.469980
Despota Đurđa pp 12,44.825890,20.460638,44.825642,20.461061,44.825766,20.460850
Dimitrija Tucovića 20a,44.806351,20.483206,44.805691,20.484327,44.806021,20.483767
Dimitrija Tucovića 47,44.804802,20.485626,44.804043,20.486393,44.804423,20.486010
Dobračina 41,44.820915,20.463539,44.820309,20.464857,44.820612,20.464198
Dobračina 56a,44.822136,20.465536,44.821682,20.466509,44.821909,20.466023
Dobračina pp 47,44.821548,20.464483,44.821033,20.465605,44.821291,20.465044
Dositejeva 11,44.818100,20.461370,44.817814,20.461950,44.817957,20.461660
Dositejeva 16,44.818974,20.461857,44.818027,20.464128,44.818501,20.462993
Dositejeva 37,44.820480,20.464962,44.820103,20.465717,44.820292,20.465340
Dositejeva 45,44.821182,20.466293,44.820721,20.466829,44.820952,20.466561
Dositejeva 9,44.817944,20.461226,44.817501,20.461811,44.817723,20.461519
Dr Subotića 13,44.797279,20.460907,44.796932,20.461460,44.797106,20.461184
Dr Subotića 9,44.797504,20.462049,44.797104,20.462934,44.797304,20.462492
Dr. Aleksandra Kostića 9,44.805984,20.455839,44.805679,20.456402,44.805832,20.456121
Dr. Aleksandra Kostića pp 15,44.805195,20.455034,44.804924,20.455545,44.805060,20.455290
Dr.Aleksandra Kostića 2,44.807182,20.456245,44.806740,20.456760,44.806961,20.456503
Dr.Aleksandra Kostića 9,44.805641,20.455389,44.805424,20.456093,44.805533,20.455741
Dr.Aleksandra Kostića pp12,44.805477,20.455389,44.805206,20.455744,44.805342,20.455567
Dr.Dragoslava Popovića 10,44.812183,20.474747,44.812084,20.474983,44.812134,20.474865
Dr.Dragoslava Popovića 14,44.812286,20.474699,44.812019,20.475006,44.812153,20.474853
Dubljanska 10,44.796299,20.469952,44.795860,20.470568,44.796080,20.470260
Dubljanska 20,44.796150,20.470770,44.795666,20.471561,44.795908,20.471166
Dubrovačka 24,44.826752,20.461699,44.826534,20.462101,44.826643,20.461900
Dubrovačka 5,44.824661,20.460669,44.824333,20.461418,44.824497,20.461044
Dubrovačka pp 24,44.826649,20.461575,44.826225,20.462223,44.826437,20.461899
Durmitorska 1,44.801819,20.451311,44.801380,20.451740,44.801600,20.451526
Durmitorska 11,44.801014,20.452444,44.800629,20.453140,44.800822,20.452792
Durmitorska pp1,44.801929,20.451080,44.801666,20.451714,44.801798,20.451397
Džordža Vašingtona 17,44.816502,20.468985,44.815651,20.470337,44.816077,20.469661
Džordža Vašingtona 30,44.816349,20.469135,44.815811,20.470337,44.816080,20.469736
Džordža Vašingtona 46,44.814987,20.470488,44.814209,20.471838,44.814598,20.471163
Džordža Vašingtona plato,44.815399,20.470209,44.814781,20.471828,44.815090,20.471019
Džordža Vašingtona pp48,44.814758,20.470863,44.814251,20.471870,44.814505,20.471367
Džordža Vašingtona pp58,44.814121,20.471613,44.813419,20.472450,44.813770,20.472032
Đevđelijska 17,44.800854,20.488497,44.800045,20.489874,44.800450,20.489186
Đorđa Vajferta 11,44.792622,20.469662,44.792297,20.470316,44.792460,20.469989
Đorđa Vajferta 26,44.793087,20.471672,44.792782,20.472254,44.792935,20.471963
Đorđa Vajferta 34,44.793385,20.472752,44.793056,20.473352,44.793221,20.473052
Đorđa Vajferta pp16,44.792900,20.470592,44.792603,20.471394,44.792752,20.470993
Đušina 34,44.814545,20.476974,44.814121,20.477608,44.814333,20.477291
Đušina 7,44.813389,20.474728,44.813015,20.475183,44.813202,20.474956
Francuska 2,44.817448,20.461901,44.817173,20.462385,44.817311,20.462143
Gavrila Principa 29,44.812721,20.454962,44.812305,20.455784,44.812513,20.455373
Gavrila Principa 5,44.813690,20.454073,44.813461,20.454559,44.813576,20.454316
Golsvordijeva 21,44.803307,20.476320,44.802914,20.477097,44.803111,20.476709
Gospodar Jevremova 17,44.821877,20.457483,44.821259,20.458555,44.821568,20.458019
Gospodar Jevremova 19,44.821564,20.457998,44.821033,20.458952,44.821299,20.458475
Gospodar Jevremova 32a,44.820538,20.459919,44.819889,20.461023,44.820214,20.460471
Gospodar Jevremova 9a,44.822380,20.456635,44.821960,20.457344,44.822170,20.456990
Gospodar Jovanova 11,44.823551,20.456291,44.823212,20.456625,44.823382,20.456458
Gružanska pp1,44.797386,20.485964,44.796974,20.486532,44.797180,20.486248
Gružanska pp1a,44.797237,20.486485,44.796841,20.487085,44.797039,20.486785
Gundulićev venac 38,44.820808,20.468336,44.820320,20.469379,44.820564,20.468858
Gundulićev venac 65,44.822540,20.466135,44.821911,20.467129,44.822226,20.466632
Hadži Melentijeva 21,44.794815,20.468206,44.794312,20.468941,44.794564,20.468574
Hadži Melentijeva 22,44.794708,20.468966,44.794258,20.469412,44.794483,20.469189
Hajduk Veljkov venac pp 8,44.806770,20.457081,44.806019,20.458221,44.806395,20.457651
Hercegovačka 8,44.812351,20.450731,44.812080,20.451214,44.812216,20.450973
Hilandarska 11,44.815407,20.467583,44.815140,20.467850,44.815274,20.467717
Hilandarska 15,44.815338,20.468225,44.815052,20.468510,44.815195,20.468368
Ilije Garašanina 20,44.811649,20.471478,44.811253,20.472029,44.811451,20.471754
Ilije Garašanina 26,44.809677,20.473127,44.808895,20.474249,44.809286,20.473688
Ilije Garašanina 26a,44.809422,20.473454,44.808666,20.474318,44.809044,20.473886
Ilije Garašanina 47,44.808743,20.474289,44.808220,20.475389,44.808482,20.474839
Ilije Garašanina pp49,44.808449,20.474220,44.807705,20.475214,44.808077,20.474717
Ivana Đaje 12,44.798870,20.474287,44.798538,20.474630,44.798704,20.474459
Ivana Đaje 24,44.799168,20.474768,44.798817,20.475250,44.798993,20.475009
Ivankovačka 20,44.808254,20.479570,44.807766,20.480623,44.808010,20.480097
Jaše Prodanovića 4,44.815243,20.475513,44.814907,20.476105,44.815075,20.475809
Jelene Ćetković 12,44.816174,20.469124,44.815651,20.469790,44.815913,20.469457
Jelisavete Načić 2,44.819195,20.467978,44.818592,20.468889,44.818894,20.468434
Jevrejska 21,44.827419,20.456940,44.827057,20.457546,44.827238,20.457243
Jevrejska 24,44.827541,20.456928,44.827240,20.457470,44.827391,20.457199
Južni Bulevar 14,44.792355,20.470882,44.791931,20.471474,44.792143,20.471178
Južni Bulevar 20,44.792320,20.471645,44.792015,20.472057,44.792168,20.471851
Južni Bulevar 36,44.792988,20.474707,44.792656,20.475334,44.792822,20.475021
Južni Bulevar34a,44.792946,20.473623,44.792549,20.474251,44.792748,20.473937
Kapetan Mišina 11,44.820869,20.460548,44.820560,20.460909,44.820715,20.460729
Kapetan Mišina 17,44.821472,20.461197,44.821217,20.461546,44.821345,20.461372
Kapetan Mišina 23a,44.822071,20.461939,44.821762,20.462217,44.821917,20.462078
Kapetan Mišina 39,44.823624,20.463156,44.822968,20.463917,44.823296,20.463537
Kapetan Mišina 5a,44.820217,20.459906,44.819939,20.460276,44.820078,20.460091
Kapetan Mišina 8,44.820671,20.460356,44.820328,20.460732,44.820500,20.460544
Karađorđeva 50,44.812801,20.452646,44.812458,20.453382,44.812630,20.453014
Katanićeva 11,44.799648,20.470169,44.799232,20.470758,44.799440,20.470464
Katanićeva 3,44.799839,20.471048,44.799492,20.471563,44.799666,20.471306
Katanićeva pp22,44.799335,20.468914,44.798985,20.469311,44.799160,20.469113
Kej  Oslobođenja 4a,44.842190,20.416801,44.841213,20.418493,44.841702,20.417647
Kej Oslobođenja pp 19,44.844784,20.415524,44.843777,20.417038,44.844281,20.416281
Kej oslobođenja pp 27,44.846165,20.414461,44.845230,20.415995,44.845698,20.415228
Kičevska 20,44.803368,20.474367,44.802940,20.474787,44.803154,20.474577
Kneginje Ljubice 12,44.819138,20.460083,44.818722,20.460646,44.818930,20.460365
Kneginje Ljubice 25,44.821430,20.462812,44.820709,20.463446,44.821070,20.463129
Kneginje Ljubice 28,44.821121,20.462458,44.820740,20.463070,44.820931,20.462764
Kneginje Zorke 15,44.800694,20.467794,44.800125,20.468756,44.800410,20.468275
Kneginje Zorke 54,44.802055,20.470755,44.801685,20.471218,44.801870,20.470987
Kneginje Zorke 73,44.803570,20.472094,44.802979,20.472601,44.803275,20.472348
Kneginje Zorke 78,44.804039,20.472898,44.803604,20.473742,44.803822,20.473320
Kneza Danila 16,44.810917,20.476086,44.810444,20.477007,44.810681,20.476547
Kneza Danila 2,44.812698,20.475769,44.812485,20.476080,44.812592,20.475925
Kneza od Semberije 5a,44.799702,20.482071,44.799301,20.482887,44.799502,20.482479
Kondina 13,44.814968,20.464399,44.814030,20.466740,44.814499,20.465570
Kornelija Stankovića 11,44.793278,20.470074,44.792843,20.470728,44.793061,20.470401
Kornelija Stankovića 3,44.793282,20.469059,44.792908,20.469639,44.793095,20.469349
Kosovska 10,44.814350,20.463242,44.813828,20.464197,44.814089,20.463720
Kosovska 17,44.813953,20.463993,44.813423,20.464659,44.813688,20.464326
Kosovska 3,44.814594,20.462996,44.813984,20.464186,44.814289,20.463591
Kosovska 31,44.813400,20.464949,44.812592,20.465742,44.812996,20.465346
Kosovska 35,44.812569,20.465839,44.811954,20.466473,44.812262,20.466156
Kosovska 45,44.812408,20.466225,44.811649,20.467104,44.812029,20.466665
Kosovska BB,44.811153,20.467979,44.810825,20.468719,44.810989,20.468349
Kosovska pp51,44.811794,20.466557,44.811069,20.467684,44.811432,20.467121
Kralja Milutina 1,44.806202,20.468449,44.805733,20.469097,44.805968,20.468773
Kralja Milutina 10a,44.804630,20.466629,44.804352,20.467194,44.804491,20.466912
Kralja Milutina 12,44.804722,20.466619,44.804493,20.467176,44.804608,20.466898
Kralja Milutina 23,44.805008,20.467096,44.804741,20.467730,44.804875,20.467413
Kralja Milutina 50,44.800587,20.461761,44.800213,20.462458,44.800400,20.462110
Kralja Milutina bb,44.804111,20.466105,44.803852,20.466978,44.803982,20.466542
Kralja Petra 36,44.820427,20.455280,44.819839,20.456020,44.820133,20.455650
Kralja Petra 71a,44.821911,20.457050,44.821445,20.457985,44.821678,20.457518
Kralja Petra 79,44.822350,20.458097,44.822132,20.458429,44.822241,20.458263
Kraljevića Marka 4,44.813591,20.452919,44.813278,20.453674,44.813435,20.453297
Kraljice Marije 16,44.806759,20.477543,44.806400,20.478090,44.806580,20.477817
Kraljice Marije 2,44.809475,20.475296,44.809113,20.475719,44.809294,20.475508
Kraljice Marije 27,44.807415,20.477013,44.806530,20.478359,44.806973,20.477686
Kraljice Marije 5,44.809296,20.475311,44.808582,20.476610,44.808939,20.475961
Kraljice Marije 71,44.804478,20.479589,44.803761,20.481045,44.804120,20.480317
Kraljice Natalije 33,44.810013,20.460140,44.809803,20.460543,44.809908,20.460342
Kraljice Natalije 37,44.809151,20.460886,44.808811,20.461456,44.808981,20.461171
Krunska 11,44.808617,20.465696,44.808140,20.466167,44.808379,20.465932
Krunska 13,44.808182,20.466135,44.807774,20.466766,44.807978,20.466451
Krunska 88,44.802402,20.474297,44.801922,20.474869,44.802162,20.474583
Krušedolska 3,44.799110,20.466671,44.798855,20.467020,44.798983,20.466846
Krušedolska 9,44.799015,20.467331,44.798717,20.467813,44.798866,20.467572
Kumanovska 13,44.804688,20.472546,44.804249,20.473145,44.804469,20.472846
Kumanovska 34,44.804333,20.471937,44.803921,20.472712,44.804127,20.472325
Kursulina 14,44.800259,20.472691,44.799988,20.473108,44.800124,20.472900
Kursulina 2,44.799877,20.471664,44.799561,20.472170,44.799719,20.471917
Kursulina 4,44.799984,20.471945,44.799770,20.472464,44.799877,20.472205
Ljubostinjska 2,44.802383,20.479746,44.801491,20.480650,44.801937,20.480198
Lomina 22,44.811695,20.457443,44.811298,20.457867,44.811497,20.457655
Mačvanska 19,44.797836,20.472403,44.797520,20.472799,44.797678,20.472601
Mačvanska 26,44.797882,20.471394,44.797550,20.471876,44.797716,20.471635
Mačvanska 27,44.797871,20.471743,44.797604,20.472059,44.797738,20.471901
Mačvanska 7,44.797855,20.473572,44.797520,20.473953,44.797688,20.473763
Majke Jevrosime 1,44.812168,20.468779,44.811672,20.469669,44.811920,20.469224
Majke Jevrosime 3,44.812302,20.468714,44.811901,20.469347,44.812102,20.469031
Majke Jevrosime 35,44.813206,20.466858,44.812763,20.467548,44.812985,20.467203
Majke Jevrosime 50,44.815025,20.463896,44.814560,20.464674,44.814793,20.464285
Majke Jevrosime 7,44.812439,20.468596,44.811871,20.469336,44.812155,20.468966
Majke Jevrosime 8,44.812569,20.468361,44.812046,20.469187,44.812308,20.468774
Maršala Birjuzova 38,44.815937,20.455276,44.815491,20.455851,44.815714,20.455564
Masarikova 4,44.807003,20.463757,44.806618,20.464254,44.806811,20.464006
Mike Alasa 2,44.828094,20.456333,44.827847,20.456718,44.827971,20.456526
Milana Rakića 38,44.798027,20.497435,44.797623,20.498154,44.797825,20.497795
Mileševska 19,44.800755,20.478067,44.800385,20.478539,44.800570,20.478303
Mileševska 23,44.800369,20.478888,44.800030,20.479542,44.800200,20.479215
Miloša Pocerca 23,44.802773,20.456881,44.802261,20.457653,44.802517,20.457267
Miloša Zečevića 12,44.798092,20.496698,44.797672,20.497545,44.797882,20.497122
Milovana Milovanovića 2,44.809166,20.456970,44.808865,20.457722,44.809016,20.457346
Molerova 25,44.802219,20.471996,44.801723,20.472874,44.801971,20.472435
Molerova 49,44.804394,20.474695,44.803936,20.475639,44.804165,20.475167
Molerova 62a,44.803688,20.473734,44.803051,20.474796,44.803370,20.474265
Molerova 70,44.804096,20.474686,44.803642,20.475285,44.803869,20.474986
Molerova 88,44.804951,20.475967,44.804600,20.476431,44.804776,20.476199
Mutapova 15,44.798512,20.470755,44.798069,20.471472,44.798291,20.471114
Mutapova 55,44.799355,20.473734,44.798988,20.474228,44.799172,20.473981
Nebojšina 30a,44.792843,20.468191,44.792511,20.468727,44.792677,20.468459
Nemanjina 9,44.807312,20.457947,44.806961,20.458797,44.807137,20.458372
Nevesinjska 2,44.799469,20.472212,44.798973,20.473173,44.799221,20.472693
Nikole Spasića 5,44.818272,20.454187,44.818039,20.454493,44.818156,20.454340
Niška 16,44.802689,20.479923,44.802032,20.481752,44.802361,20.480838
Njegoševa 34a,44.803188,20.469433,44.802792,20.469812,44.802990,20.469623
Njegoševa 54,44.801914,20.471659,44.801392,20.472073,44.801653,20.471866
Njegoševa 77,44.800346,20.474037,44.799995,20.474428,44.800171,20.474233
Njegoševa 79,44.800320,20.474461,44.799919,20.474808,44.800120,20.474635
Novopazarska 27,44.798580,20.475145,44.798035,20.475761,44.798308,20.475453
Novopazarska 28,44.798595,20.475306,44.798244,20.475744,44.798420,20.475525
Novopazarska 29,44.798634,20.475492,44.798279,20.476023,44.798457,20.475758
Novopazarska 37,44.798729,20.476006,44.798164,20.476917,44.798447,20.476462
Obilićev venac 2,44.816849,20.455868,44.816418,20.456377,44.816634,20.456123
Ohridska 3,44.799488,20.466358,44.799183,20.466949,44.799336,20.466654
Palmotićeva 1,44.812328,20.466568,44.811932,20.467619,44.812130,20.467094
Palmotićeva 24,44.815987,20.470795,44.815750,20.471191,44.815869,20.470993
Palmotićeva 25,44.814262,20.469126,44.813995,20.469442,44.814129,20.469284
Palmotićeva 37,44.816711,20.471100,44.816448,20.471497,44.816580,20.471299
Palmotićeva 8,44.813343,20.468241,44.813122,20.468563,44.813233,20.468402
Palmotićeva 9,44.812721,20.467533,44.812393,20.468113,44.812557,20.467823
Pančićeva 12,44.825981,20.463392,44.825562,20.464390,44.825772,20.463891
Pančićeva 18,44.826389,20.462454,44.825935,20.463060,44.826162,20.462757
Pančićeva pp12,44.825794,20.463608,44.825504,20.464203,44.825649,20.463906
Pariska 12,44.819569,20.452084,44.819065,20.452950,44.819317,20.452517
Pasterova 1,44.801743,20.458439,44.801334,20.459452,44.801539,20.458946
Pasterova 14,44.798588,20.463615,44.798210,20.464193,44.798399,20.463904
Pasterova 2,44.800873,20.459843,44.800556,20.460308,44.800715,20.460076
Pasterova 3,44.801167,20.459581,44.800804,20.460041,44.800986,20.459811
Pasterova 6,44.799587,20.461710,44.799297,20.462156,44.799442,20.461933
Patrijarha Gavrila 5,44.804810,20.474648,44.804455,20.475018,44.804633,20.474833
Patrijarha Varnave 12,44.797131,20.474024,44.796753,20.474731,44.796942,20.474378
Patrijarha Varnave 14,44.797153,20.473669,44.796745,20.474150,44.796949,20.473910
Pop Lukina 7,44.815720,20.452902,44.815414,20.453423,44.815567,20.453163
Pop Lukina 9,44.815598,20.452763,44.815197,20.453579,44.815398,20.453171
Požarevačka 10,44.801525,20.479958,44.801140,20.480396,44.801333,20.480177
Preševska 52,44.799580,20.495367,44.799095,20.496122,44.799338,20.495745
Preševska 70,44.798878,20.498590,44.798431,20.499117,44.798655,20.498854
Prizrenska 4a,44.813843,20.459248,44.813499,20.459709,44.813671,20.459479
Prizrenska 8,44.814037,20.458876,44.813793,20.459219,44.813915,20.459048
Radivoja Koraća 10,44.798664,20.483545,44.798450,20.484045,44.798557,20.483795
Radivoja Koraća 4,44.799229,20.484077,44.799030,20.484495,44.799130,20.484286
Radoslava Grujića 1,44.798389,20.479229,44.798050,20.479706,44.798220,20.479468
Radoslava Grujića 25,44.800919,20.480286,44.800514,20.480907,44.800717,20.480597
Radoslava Grujića 5,44.798779,20.479374,44.798473,20.479992,44.798626,20.479683
Radoslava Grujića 7,44.798935,20.479380,44.798691,20.479996,44.798813,20.479688
Rankeova 5,44.796429,20.467018,44.795921,20.467871,44.796175,20.467445
Resavska 38,44.806068,20.463108,44.805824,20.463697,44.805946,20.463403
Resavska 40,44.805779,20.463087,44.805477,20.463463,44.805628,20.463275
Resavska 41,44.804512,20.461191,44.804054,20.462049,44.804283,20.461620
Resavska 48,44.803093,20.459566,44.802658,20.460264,44.802876,20.459915
Resavska 69,44.802219,20.458284,44.801746,20.459335,44.801983,20.458810
Resavska 84,44.801098,20.457100,44.800655,20.457991,44.800877,20.457546
Resavska 9,44.809174,20.466745,44.808708,20.467487,44.808941,20.467116
Rige od Fere 17,44.824318,20.457119,44.823925,20.457811,44.824122,20.457465
Rige od Fere 7,44.823345,20.456135,44.822865,20.456488,44.823105,20.456312
Sarajevska 39,44.803226,20.454138,44.802837,20.454744,44.803032,20.454441
Sarajevska 41,44.803379,20.454428,44.803123,20.454933,44.803251,20.454681
Sarajevska bb,44.799942,20.450399,44.799625,20.450914,44.799784,20.450657
Savska 17a,44.805504,20.453905,44.805099,20.454350,44.805302,20.454128
Savski Trg 5,44.808880,20.457047,44.808510,20.457523,44.808695,20.457285
Savski trg 7-9,44.808571,20.457008,44.807911,20.457523,44.808241,20.457266
Savski Trg 9,44.808334,20.457094,44.808060,20.457594,44.808197,20.457344
Savski trg ž.stanica,44.808453,20.455418,44.808075,20.455927,44.808264,20.455673
Sazonova 119,44.794022,20.489162,44.793648,20.489929,44.793835,20.489546
Sazonova 28,44.796829,20.479361,44.796532,20.479967,44.796681,20.479664
Simina 33,44.817497,20.462925,44.817272,20.463200,44.817385,20.463063
Simina pp29,44.817852,20.462276,44.817493,20.462700,44.817673,20.462488
Simina18,44.818180,20.461723,44.817932,20.462030,44.818056,20.461877
Skadarska 1,44.816303,20.462425,44.815929,20.462875,44.816116,20.462650
Skadarska 47,44.819305,20.466379,44.818741,20.467550,44.819023,20.466965
Skender Begova 11,44.824524,20.459446,44.823784,20.460833,44.824154,20.460140
Skender Begova 51,44.822277,20.463882,44.821518,20.465052,44.821898,20.464467
Skender Begova pp63,44.820946,20.466223,44.820362,20.467039,44.820654,20.466631
Skerlićeva 28,44.796925,20.468819,44.796570,20.469360,44.796748,20.469090
Smiljanićeva 22,44.802799,20.470001,44.802265,20.470888,44.802532,20.470445
Solunska 34,44.826721,20.460711,44.826271,20.461279,44.826496,20.460995
Sredačka 2,44.802429,20.481339,44.802090,20.481960,44.802260,20.481650
Sredačka 8,44.801998,20.480886,44.801636,20.481392,44.801817,20.481139
Starca Vujadina pp1,44.800831,20.486042,44.799953,20.487503,44.800392,20.486773
Starine Novaka 22,44.810585,20.477139,44.810257,20.477745,44.810421,20.477442
Starine Novaka pp19,44.810074,20.475910,44.809551,20.476608,44.809813,20.476259
Stojana Protića 24,44.796772,20.471178,44.796455,20.471704,44.796614,20.471441
Stojana Protića 30,44.796635,20.471687,44.796329,20.472261,44.796482,20.471974
Strahinjića bana 25,44.823563,20.458096,44.823162,20.458841,44.823363,20.458469
Strahinjića bana 44,44.822590,20.459663,44.822109,20.460522,44.822350,20.460093
Strahinjića bana 53,44.821323,20.461756,44.820965,20.462723,44.821144,20.462240
Strahinjića bana 64,44.820831,20.462711,44.820454,20.463623,44.820643,20.463167
Strahinjića bana 77,44.819263,20.465553,44.818691,20.466230,44.818977,20.465892
Strahinjića bana1,44.824932,20.455564,44.824474,20.456293,44.824703,20.455929
Studentski trg 18,44.820225,20.457563,44.819904,20.458206,44.820065,20.457885
Studentski trg pp 19,44.819984,20.456533,44.819660,20.457167,44.819822,20.456850
Svetog Marka,44.809982,20.467636,44.809402,20.468344,44.809692,20.467990
Svetog Save 20,44.800907,20.467190,44.800518,20.467861,44.800713,20.467526
Svetogorska 24,44.814659,20.466995,44.813625,20.468628,44.814142,20.467812
Svetozara Markovića 10,44.807961,20.468334,44.807384,20.469095,44.807673,20.468715
Svetozara Markovića 13,44.807659,20.468420,44.807270,20.469181,44.807465,20.468801
Svetozara Markovića 40a,44.806011,20.466038,44.805588,20.467197,44.805800,20.466618
Svetozara Markovića 40b,44.805725,20.466135,44.805344,20.467186,44.805535,20.466661
Svetozara Markovića 52,44.803051,20.462530,44.802628,20.463495,44.802840,20.463013
Svetozara Markovića 65,44.803677,20.463356,44.803150,20.464031,44.803414,20.463694
Svetozara Markovića 71,44.802803,20.462282,44.802338,20.463539,44.802571,20.462911
Svetozara Markovića 77,44.802334,20.461977,44.802055,20.462379,44.802195,20.462178
Svetozara Markovića 79,44.802219,20.461838,44.801884,20.462610,44.802052,20.462224
Svetozara Markovića 9,44.807838,20.468731,44.807392,20.469589,44.807615,20.469160
Svetozara Markovića pp 40a,44.805538,20.466221,44.805195,20.466682,44.805367,20.466452
Šafarikova 3,44.816124,20.466988,44.815575,20.467749,44.815850,20.467369
Šafarikova 5,44.816055,20.466772,44.815598,20.467619,44.815827,20.467196
Šajkaška 23,44.818275,20.475222,44.817711,20.476294,44.817993,20.475758
Šajkaška pp29,44.818882,20.475281,44.818367,20.476273,44.818625,20.475777
Šumatovačka 5,44.795746,20.469893,44.795269,20.470592,44.795508,20.470243
Šumatovačka 82,44.795605,20.475246,44.795006,20.476240,44.795306,20.475743
Tadeuša Košćuškog 63,44.830639,20.455795,44.830044,20.456911,44.830342,20.456353
Tamnavska 2,44.798256,20.471340,44.797920,20.471897,44.798088,20.471619
Timočka 10,44.796547,20.483181,44.796249,20.483818,44.796398,20.483500
Timočka 14,44.796394,20.484623,44.796001,20.485256,44.796198,20.484940
Tiršova 1,44.801502,20.461479,44.801254,20.461988,44.801378,20.461734
Tiršova 10,44.799889,20.464054,44.799564,20.464359,44.799727,20.464207
Tiršova 4,44.801361,20.461506,44.801098,20.461985,44.801230,20.461746
Tiršova bb,44.799694,20.464392,44.799438,20.464767,44.799566,20.464580
Trg Nikole Pašića 2,44.812534,20.461607,44.812164,20.462444,44.812349,20.462026
Visokog Stevana 12,44.825916,20.457600,44.825565,20.458124,44.825741,20.457862
Visokog Stevana 23,44.825253,20.460131,44.824959,20.460636,44.825106,20.460384
Visokog Stevana 25,44.825134,20.460470,44.824837,20.460957,44.824986,20.460714
Visokog Stevana 54,44.824303,20.462883,44.823986,20.463371,44.824145,20.463127
Visokog Stevana pp16,44.825623,20.458855,44.825268,20.459497,44.825446,20.459176
Višegradska 11,44.801849,20.454071,44.801453,20.454821,44.801651,20.454446
Višnjićeva 17,44.822643,20.460070,44.821857,20.461304,44.822250,20.460687
Višnjićeva pp4,44.821182,20.458815,44.820763,20.459448,44.820973,20.459132
Vladetina 24,44.809807,20.480108,44.809395,20.480703,44.809601,20.480406
Vladetina 2a,44.808784,20.477116,44.808376,20.477711,44.808580,20.477414
Vladetina16a,44.809269,20.478762,44.808952,20.479298,44.809111,20.479030
Vlajkovićeva 15,44.813477,20.465506,44.812607,20.466772,44.813042,20.466139
Vlajkovićeva 28,44.814907,20.467169,44.814251,20.468317,44.814579,20.467743
Vlajkovićeva 3,44.812561,20.463596,44.811947,20.464647,44.812254,20.464122
Vlajkovićeva 9,44.812851,20.464529,44.812332,20.465410,44.812592,20.464970
Vojvode Bogdana 13,44.803925,20.483372,44.803478,20.483812,44.803702,20.483592
Vojvode Brane 17,44.805523,20.482649,44.805016,20.483212,44.805270,20.482931
Vojvode Brane 22,44.804527,20.483871,44.804237,20.484434,44.804382,20.484153
Vojvode Brane 26,44.804115,20.484682,44.803753,20.485111,44.803934,20.484897
Vojvode Brane 32,44.803749,20.485140,44.803223,20.485661,44.803486,20.485401
Vojvode Dobrnjca pp2,44.815456,20.474115,44.814968,20.474863,44.815212,20.474489
Vojvode Milenka 25,44.803040,20.459034,44.802685,20.459564,44.802863,20.459299
Vojvode Milenka 26,44.803448,20.458336,44.803097,20.459061,44.803273,20.458699
Vojvode Milenka 4-6,44.804928,20.455654,44.804539,20.456137,44.804734,20.455896
Vojvode Savatija 21,44.802242,20.488817,44.801788,20.489414,44.802015,20.489116
Vojvode Šupljikca 31b,44.800560,20.483536,44.799931,20.484760,44.800246,20.484148
Vojvode Šupljikca 37,44.798801,20.485659,44.798069,20.486589,44.798435,20.486124
Vukice Mitrović 4,44.797657,20.477118,44.797070,20.477978,44.797364,20.477548
Vukice Mitrović 74,44.797901,20.483271,44.797466,20.484131,44.797684,20.483701
Zahumska 17,44.804611,20.480841,44.804230,20.481533,44.804421,20.481187
Zmaj Jovina 1,44.845856,20.409662,44.844727,20.412495,44.845292,20.411079
Zmaj Jovina 22,44.846622,20.412277,44.845730,20.414854,44.846176,20.413566
Zmaj Jovina pp18,44.817802,20.458342,44.817474,20.459023,44.817638,20.458683
Žorža Klemensoa 2,44.820820,20.467127,44.820480,20.467728,44.820650,20.467428